image: map.png.pgm
resolution: 0.05
origin: [9.75002, -0.800013, 1.57079632]
negate: 0
occupied_thresh: 0.51
free_thresh: 0.196
